09660 049887  24 31 K
      2013-01-04 08:46:24  1         33          134          214          176
                                     04          138           31           82
                                    138          108          127          254
                                    232          124           02           00
                                    127           07          120           17
                                     03          163          249           70
                                     32          142          252           39
                                     00          104          163
      2013-01-04 08:49:16  1         01          134          248          247
                                     11           63          147          127
                                    161          208           26          160
                                    167          143          248          176
                                     13           08          175          128
                                     00           00           00           00
                                     00           00           08           00
                                     08           00          215
      2013-01-04 08:52:08  1         01          134          220          215
                                     10           15          148          248
                                     97          195          117          160
                                    234           00           00           00
                                     00           00           00           13
                                     08          175          136           00
                                     00           00          108
